Case #1: 3 4 6
Case #2: 22 222
Case #3: 9 11 15 16
Case #4: 3 8 12 13 14 15 26
Case #5: 47 48 50 53 55 56 58 61 63 64
Case #6: 2 22
Case #7: 4 8
Case #8: 6 7 9 11 12 14 16 19
Case #9: 2 4
Case #10: 5 6 10 12
Case #11: 5 6 7 8 9 10 11 12 13 14
Case #12: 7 9 9 12 13
Case #13: 22 23 24 25 32 39 46
Case #14: 4 5 6 7
Case #15: 4 5 6 7 8 9 10
Case #16: 2 12 13 32 15 16 17 72 82 92
Case #17: 3 5 6 11
Case #18: 2 3 4
Case #19: 6 7 9 13
Case #20: 5 6 7 14
Case #21: 8 10 12 13 14 18 20 22 24 26
Case #22: 5 6 8
Case #23: 1 3 3 5 7 6 9 11 9
Case #24: 5 7 8 10 11 12 14 19 19
Case #25: 86 93 119 125 166 176 191
Case #26: 2 6
Case #27: 13 14 20
Case #28: 3 4 5
Case #29: 3 7 10 13
Case #30: 7 9 13 15 17 20 23 24 28
Case #31: 6 8
Case #32: 3 8 11 10 16 20 22
Case #33: 10 24 43 61 79 84 98 120 144 168
Case #34: 3 6 7 9 11 15 18 18
Case #35: 4 5
Case #36: 4 5 7 13 14
Case #37: 6 9 11 19
Case #38: 12 11 16 23 24 27 35 36 40 45
Case #39: 4 5 8 12 14 17
Case #40: 5 5 8
Case #41: 16 22 49 63
Case #42: 1 2 3
Case #43: 8 9 11 13 14 17 18
Case #44: 5 8 10 11 13 15 17
Case #45: 6 9 11 13 15 18 20 21 23 26
Case #46: 5 7 10 13 14 17 19
Case #47: 7 10 12 18 20 22 26 28 31 34
Case #48: 3 6 11 13 15 18 20 23 25 26
Case #49: 3 5 9
Case #50: 1 2 4 6 10 8 13
